20.0000 -5.0000 0.0000 0.0000 -5.0000 -10.0000 0.0000 0.0000 0.0000 0.0000 0.0000 0.0000 0.0000 0.0000 0.0000 0.0000
-5.0000 40.0000 -5.0000 0.0000 -10.0000 -10.0000 -10.0000 0.0000 0.0000 0.0000 0.0000 0.0000 0.0000 0.0000 0.0000 0.0000
0.0000 -5.0000 40.0000 -5.0000 0.0000 -10.0000 -10.0000 -10.0000 0.0000 0.0000 0.0000 0.0000 0.0000 0.0000 0.0000 0.0000
0.0000 0.0000 -5.0000 20.0000 0.0000 0.0000 -10.0000 -5.0000 0.0000 0.0000 0.0000 0.0000 0.0000 0.0000 0.0000 0.0000
-5.0000 -10.0000 0.0000 0.0000 40.0000 -10.0000 0.0000 0.0000 -5.0000 -10.0000 0.0000 0.0000 0.0000 0.0000 0.0000 0.0000
-10.0000 -10.0000 -10.0000 0.0000 -10.0000 80.0000 -10.0000 0.0000 -10.0000 -10.0000 -10.0000 0.0000 0.0000 0.0000 0.0000 0.0000
0.0000 -10.0000 -10.0000 -10.0000 0.0000 -10.0000 80.0000 -10.0000 0.0000 -10.0000 -10.0000 -10.0000 0.0000 0.0000 0.0000 0.0000
0.0000 0.0000 -10.0000 -5.0000 0.0000 0.0000 -10.0000 40.0000 0.0000 0.0000 -10.0000 -5.0000 0.0000 0.0000 0.0000 0.0000
0.0000 0.0000 0.0000 0.0000 -5.0000 -10.0000 0.0000 0.0000 40.0000 -10.0000 0.0000 0.0000 -5.0000 -10.0000 0.0000 0.0000
0.0000 0.0000 0.0000 0.0000 -10.0000 -10.0000 -10.0000 0.0000 -10.0000 80.0000 -10.0000 0.0000 -10.0000 -10.0000 -10.0000 0.0000
0.0000 0.0000 0.0000 0.0000 0.0000 -10.0000 -10.0000 -10.0000 0.0000 -10.0000 80.0000 -10.0000 0.0000 -10.0000 -10.0000 -10.0000
0.0000 0.0000 0.0000 0.0000 0.0000 0.0000 -10.0000 -5.0000 0.0000 0.0000 -10.0000 40.0000 0.0000 0.0000 -10.0000 -5.0000
0.0000 0.0000 0.0000 0.0000 0.0000 0.0000 0.0000 0.0000 -5.0000 -10.0000 0.0000 0.0000 20.0000 -5.0000 0.0000 0.0000
0.0000 0.0000 0.0000 0.0000 0.0000 0.0000 0.0000 0.0000 -10.0000 -10.0000 -10.0000 0.0000 -5.0000 40.0000 -5.0000 0.0000
0.0000 0.0000 0.0000 0.0000 0.0000 0.0000 0.0000 0.0000 0.0000 -10.0000 -10.0000 -10.0000 0.0000 -5.0000 40.0000 -5.0000
0.0000 0.0000 0.0000 0.0000 0.0000 0.0000 0.0000 0.0000 0.0000 0.0000 -10.0000 -5.0000 0.0000 0.0000 -5.0000 20.0000
